       weight_2018 pitax_2018 total_gross_income_2018 weight_2019 pitax_2019 total_gross_income_2019 weight_2020 pitax_2020 total_gross_income_2020 weight_2021 pitax_2021 total_gross_income_2021 weight_2022 pitax_2022 total_gross_income_2022 weight_ref_2022 pitax_ref_2022 total_gross_income_ref_2022 weight_ref_2023 pitax_ref_2023 total_gross_income_ref_2023 weight_ref_2024 pitax_ref_2024 total_gross_income_ref_2024 weight_ref_2025 pitax_ref_2025 total_gross_income_ref_2025 weight_ref_2026 pitax_ref_2026 total_gross_income_ref_2026 weight_ref_2027 pitax_ref_2027 total_gross_income_ref_2027
0-10n          -99          0                       0         -99          0                       0         -99          0                       0         -99          0                       0         -99          0                       0             -99              0                           0             -99              0                           0             -99              0                           0             -99              0                           0             -99              0                           0             -99              0                           0
0-10z          -99          0                       0         -99          0                       0         -99          0                       0         -99          0                       0         -99          0                       0             -99              0                           0             -99              0                           0             -99              0                           0             -99              0                           0             -99              0                           0             -99              0                           0
0-10p       23,310         47                     468      23,310         51                     512      23,310         51                     510      23,310         56                     563      23,310         59                     591          23,310             59                         591          23,310             64                         635          23,310             66                         663          23,310             70                         704          23,310             74                         745          23,310             79                         791
10-20       23,310     17,218                 172,181      23,310     18,824                 188,242      23,310     18,743                 187,427      23,310     20,682                 206,819      23,310     21,736                 217,365          23,310         21,736                     217,365          23,310         23,347                     233,466          23,310         24,353                     243,529          23,310         25,862                     258,624          23,310         27,372                     273,719          23,310         29,068                     290,685
20-30       23,310     34,652                 346,516      23,310     37,884                 378,839      23,310     37,720                 377,198      23,310     41,622                 416,225      23,310     43,745                 437,449          23,310         43,745                     437,449          23,310         46,985                     469,853          23,310         49,010                     490,105          23,310         52,048                     520,483          23,310         55,086                     550,862          23,310         58,501                     585,006
30-40       23,310     55,903                 559,029      23,310     61,117                 611,174      23,310     60,853                 608,528      23,310     67,149                 671,488      23,310     70,573                 705,729          23,310         70,573                     705,729          23,310         75,801                     758,005          23,310         79,068                     790,678          23,310         83,969                     839,687          23,310         88,870                     888,696          23,310         95,190                     943,780
40-50       23,310     79,225                 792,249      23,310     86,615                 866,149      23,310     86,240                 862,398      23,310     95,488                 951,624      23,310    101,182               1,000,150          23,310        102,932                   1,000,150          23,310        115,720                   1,074,235          23,310        125,027                   1,120,539          23,310        140,901                   1,189,993          23,310        159,266                   1,259,448          23,310        181,739                   1,337,513
50-60       23,310    116,857               1,122,808      23,310    133,295               1,227,542      23,310    132,414               1,222,226      23,310    154,012               1,348,682      23,310    165,883               1,417,455          23,310        202,090                   1,417,455          23,310        231,756                   1,522,451          23,310        250,345                   1,588,074          23,310        278,267                   1,686,508          23,310        306,265                   1,784,943          23,310        337,747                   1,895,580
60-70       23,310    166,534               1,432,110      23,310    189,005               1,565,695      23,310    187,863               1,558,916      23,310    215,054               1,720,206      23,310    229,875               1,807,924          23,310        303,500                   1,807,924          23,310        340,046                   1,941,844          23,310        362,935                   2,025,544          23,310        397,309                   2,151,094          23,310        431,777                   2,276,645          23,310        470,560                   2,417,759
70-80       23,310    218,938               1,756,288      23,310    246,096               1,920,112      23,310    244,718               1,911,798      23,310    277,554               2,109,599      23,310    295,451               2,217,172          23,310        406,053                   2,217,172          23,310        449,826                   2,381,407          23,310        477,244                   2,484,054          23,310        518,446                   2,638,025          23,310        559,749                   2,791,995          23,310        606,208                   2,965,052
80-90       23,310    322,680               2,463,331      23,310    358,781               2,693,107      23,310    356,947               2,681,446      23,310    400,578               2,958,876      23,310    424,348               3,109,757          23,310        594,405                   3,109,757          23,310        650,696                   3,340,110          23,310        685,933                   3,484,080          23,310        738,883                   3,700,035          23,310        791,955                   3,915,991          23,310        851,668                   4,158,717
90-100      23,320  1,337,242              11,282,470      23,320  1,466,371              12,334,886      23,320  1,459,815              12,281,474      23,320  1,615,818              13,552,153      23,320  1,700,749              14,243,212          23,320      2,115,390                  14,243,212          23,320      2,281,483                  15,298,265          23,320      2,385,411                  15,957,673          23,320      2,541,455                  16,946,785          23,320      2,697,797                  17,935,897          23,320      2,873,669                  19,047,626
ALL        233,110    234,977               1,993,144     233,110    259,856               2,179,062     233,110    258,588               2,169,626     233,110    288,858               2,394,102     233,110    305,420               2,516,184         233,110        386,122                   2,516,184         233,110        421,652                   2,702,567         233,110        444,022                   2,819,057         233,110        477,809                   2,993,792         233,110        511,915                   3,168,527         233,110        550,543                   3,364,924
90-95       11,660    528,721               4,138,187      11,660    582,807               4,524,192      11,660    580,061               4,504,602      11,660    645,432               4,970,662      11,660    681,042               5,224,129          11,660        918,986                   5,224,129          11,660        996,985                   5,611,101          11,660      1,045,860                   5,852,959          11,660      1,119,313                   6,215,746          11,660      1,193,012                   6,578,532          11,660      1,275,966                   6,986,293
95-99        9,320  1,196,448               9,880,227       9,320  1,312,066              10,801,843       9,320  1,306,195              10,755,069       9,320  1,445,909              11,867,822       9,320  1,522,019              12,472,993           9,320      1,934,098                  12,472,993           9,320      2,086,256                  13,396,918           9,320      2,181,467                  13,974,372           9,320      2,324,453                  14,840,552           9,320      2,467,834                  15,706,732           9,320      2,629,199                  16,680,290
Top 1%       2,340  5,926,794              52,466,766       2,340  6,483,666              57,360,802       2,340  6,455,401              57,112,420       2,340  7,127,895              63,021,448       2,340  7,493,715              66,235,075           2,340      8,799,027                  66,235,075           2,340      9,459,583                  71,141,377           2,340      9,872,551                  74,207,816           2,340     10,492,153                  78,807,474           2,340     11,111,924                  83,407,132           2,340     11,808,576                  88,576,995

